generator  size  dt  physics_upsampling  t0  t_inj  inj_point  beta  level  
IntegratedShapeletGlitch  1261440  5.0  1  0.0  20000.0  tm_12  140.75491077076475  -1.0093356498736892e-10  
IntegratedShapeletGlitch  1261440  5.0  1  0.0  40000.0  tm_12  12.312244997393396  -1.0729113601077251e-10  
IntegratedShapeletGlitch  1261440  5.0  1  0.0  60000.0  tm_12  26.022988548295288  -1.0129786100656522e-10  
IntegratedShapeletGlitch  1261440  5.0  1  0.0  80000.0  tm_23  71.00110937906258  9.552513889511608e-11  
IntegratedShapeletGlitch  1261440  5.0  1  0.0  100000.0  tm_13  4.131777932007455  9.749421538044329e-11  
IntegratedShapeletGlitch  1261440  5.0  1  0.0  120000.0  tm_32  77.90252403512355  1.0441981181310887e-10  
IntegratedShapeletGlitch  1261440  5.0  1  0.0  140000.0  tm_31  51.72789552373467  9.36875091903737e-11  
IntegratedShapeletGlitch  1261440  5.0  1  0.0  160000.0  tm_21  23.485022984648424  -1.0804270981904289e-10  
IntegratedShapeletGlitch  1261440  5.0  1  0.0  180000.0  tm_12  43.92123592034015  8.81084400339966e-11  
IntegratedShapeletGlitch  1261440  5.0  1  0.0  200000.0  tm_12  20.463767744569004  9.388973140851821e-11  
IntegratedShapeletGlitch  1261440  5.0  1  0.0  220000.0  tm_32  136.24754780738758  -9.728826480214964e-11  
IntegratedShapeletGlitch  1261440  5.0  1  0.0  240000.0  tm_13  1.7661847079653596  1.0968876372344184e-10  
IntegratedShapeletGlitch  1261440  5.0  1  0.0  260000.0  tm_32  68.4378684109996  9.905038816772345e-11  
IntegratedShapeletGlitch  1261440  5.0  1  0.0  280000.0  tm_31  52.899439018574576  1.0392118888332767e-10  
IntegratedShapeletGlitch  1261440  5.0  1  0.0  300000.0  tm_23  12.717895749909838  9.883931168543622e-11  
IntegratedShapeletGlitch  1261440  5.0  1  0.0  320000.0  tm_23  15.826716049939332  -9.269779560361249e-11  
IntegratedShapeletGlitch  1261440  5.0  1  0.0  340000.0  tm_31  12.321794413038642  -1.0089930074018451e-10  
IntegratedShapeletGlitch  1261440  5.0  1  0.0  360000.0  tm_32  102.72830095974706  9.792043028352276e-11  
IntegratedShapeletGlitch  1261440  5.0  1  0.0  380000.0  tm_12  140.16828905747735  -9.885948517247099e-11  
IntegratedShapeletGlitch  1261440  5.0  1  0.0  400000.0  tm_12  24.07123942952091  -8.632172313283326e-11  
IntegratedShapeletGlitch  1261440  5.0  1  0.0  420000.0  tm_13  14.575846728552419  8.452785085165982e-11  
IntegratedShapeletGlitch  1261440  5.0  1  0.0  440000.0  tm_32  91.88905114115099  -8.635139372158044e-11  
IntegratedShapeletGlitch  1261440  5.0  1  0.0  460000.0  tm_31  73.77666641133084  1.0313366778056342e-10  
IntegratedShapeletGlitch  1261440  5.0  1  0.0  480000.0  tm_13  1.553883240826723  1.028759276695731e-10  
IntegratedShapeletGlitch  1261440  5.0  1  0.0  500000.0  tm_12  66.97486513713432  -9.904251796133287e-11  
IntegratedShapeletGlitch  1261440  5.0  1  0.0  520000.0  tm_31  4.648159602903795  -9.100521247888999e-11  
IntegratedShapeletGlitch  1261440  5.0  1  0.0  540000.0  tm_13  31.10732582209281  9.644517261237418e-11  
IntegratedShapeletGlitch  1261440  5.0  1  0.0  560000.0  tm_12  9.828280522900643  -1.0825684259996156e-10  
IntegratedShapeletGlitch  1261440  5.0  1  0.0  580000.0  tm_13  1.56922991893478  1.2324732494999857e-10  
IntegratedShapeletGlitch  1261440  5.0  1  0.0  600000.0  tm_31  35.67237179548006  -1.117413524669587e-10  
IntegratedShapeletGlitch  1261440  5.0  1  0.0  620000.0  tm_31  30.327499006885155  -9.957057715320733e-11  
IntegratedShapeletGlitch  1261440  5.0  1  0.0  640000.0  tm_21  15.691507117037427  1.0972179031697198e-10  
IntegratedShapeletGlitch  1261440  5.0  1  0.0  660000.0  tm_13  18.7287334846412  -1.0025852392396089e-10  
IntegratedShapeletGlitch  1261440  5.0  1  0.0  680000.0  tm_31  114.45662065698198  9.535914310985138e-11  
IntegratedShapeletGlitch  1261440  5.0  1  0.0  700000.0  tm_32  170.56338347157507  -1.0355717515062462e-10  
IntegratedShapeletGlitch  1261440  5.0  1  0.0  720000.0  tm_13  210.86457925360236  1.0946883632708763e-10  
IntegratedShapeletGlitch  1261440  5.0  1  0.0  740000.0  tm_12  72.9868164035456  9.32857667621611e-11  
IntegratedShapeletGlitch  1261440  5.0  1  0.0  760000.0  tm_13  9.251345212177613  8.401957754576687e-11  
IntegratedShapeletGlitch  1261440  5.0  1  0.0  780000.0  tm_31  30.93733016224678  -9.054222941972658e-11  
IntegratedShapeletGlitch  1261440  5.0  1  0.0  800000.0  tm_12  41.22741619057331  -1.0327136967182913e-10  
IntegratedShapeletGlitch  1261440  5.0  1  0.0  820000.0  tm_23  110.1311592531361  1.196537892659305e-10  
IntegratedShapeletGlitch  1261440  5.0  1  0.0  840000.0  tm_13  9.587234216691835  -1.0542671783143248e-10  
IntegratedShapeletGlitch  1261440  5.0  1  0.0  860000.0  tm_32  38.49963305294362  -9.149285067666343e-11  
IntegratedShapeletGlitch  1261440  5.0  1  0.0  880000.0  tm_32  11.927583815446853  -9.629137703836541e-11  
IntegratedShapeletGlitch  1261440  5.0  1  0.0  900000.0  tm_23  1.390505239620457  8.700550359901748e-11  
IntegratedShapeletGlitch  1261440  5.0  1  0.0  920000.0  tm_23  6.2722847393642605  -1.0179851047867261e-10  
IntegratedShapeletGlitch  1261440  5.0  1  0.0  940000.0  tm_32  27.827944009253375  1.1122700813544205e-10  
IntegratedShapeletGlitch  1261440  5.0  1  0.0  960000.0  tm_23  2.61973401361177  9.825029971413697e-11  
IntegratedShapeletGlitch  1261440  5.0  1  0.0  980000.0  tm_23  9.976944962708863  8.672914950684073e-11  
IntegratedShapeletGlitch  1261440  5.0  1  0.0  1000000.0  tm_12  31.048606710233877  9.529254088050833e-11  
IntegratedShapeletGlitch  1261440  5.0  1  0.0  1020000.0  tm_23  5.421526808538569  -9.020107186887521e-11  
IntegratedShapeletGlitch  1261440  5.0  1  0.0  1040000.0  tm_12  3.9056573954447913  9.670363009161427e-11  
IntegratedShapeletGlitch  1261440  5.0  1  0.0  1060000.0  tm_21  45.80195683647896  -1.0273947301028975e-10  
IntegratedShapeletGlitch  1261440  5.0  1  0.0  1080000.0  tm_32  13.237511372773906  1.0313376622310018e-10  
IntegratedShapeletGlitch  1261440  5.0  1  0.0  1100000.0  tm_13  6.806109138138481  1.0345105856375902e-10  
IntegratedShapeletGlitch  1261440  5.0  1  0.0  1120000.0  tm_31  136.40903845288065  -9.594852493353924e-11  
IntegratedShapeletGlitch  1261440  5.0  1  0.0  1140000.0  tm_21  10.02258779858873  1.1269227966444583e-10  
IntegratedShapeletGlitch  1261440  5.0  1  0.0  1160000.0  tm_21  48.17809497004968  9.800651888546952e-11  
IntegratedShapeletGlitch  1261440  5.0  1  0.0  1180000.0  tm_23  136.7898932071154  -9.111109390044167e-11  
IntegratedShapeletGlitch  1261440  5.0  1  0.0  1200000.0  tm_13  34.53927333355619  -1.1239978768280882e-10  
IntegratedShapeletGlitch  1261440  5.0  1  0.0  1220000.0  tm_23  94.44302308053737  -1.0656562908592096e-10  
IntegratedShapeletGlitch  1261440  5.0  1  0.0  1240000.0  tm_23  43.07784448695934  -1.0767364213598965e-10  
IntegratedShapeletGlitch  1261440  5.0  1  0.0  1260000.0  tm_31  12.706597721520971  8.561904294858358e-11  
IntegratedShapeletGlitch  1261440  5.0  1  0.0  1280000.0  tm_32  102.74536689140984  -1.1631980929364845e-10  
IntegratedShapeletGlitch  1261440  5.0  1  0.0  1300000.0  tm_12  154.97207375953943  8.711324836905615e-11  
IntegratedShapeletGlitch  1261440  5.0  1  0.0  1320000.0  tm_23  32.399848238204626  8.631791898005828e-11  
IntegratedShapeletGlitch  1261440  5.0  1  0.0  1340000.0  tm_31  78.6585028016217  1.0165312527139488e-10  
IntegratedShapeletGlitch  1261440  5.0  1  0.0  1360000.0  tm_13  24.70274958352054  9.741107369239865e-11  
IntegratedShapeletGlitch  1261440  5.0  1  0.0  1380000.0  tm_23  24.234041734424025  9.04843911020201e-11  
IntegratedShapeletGlitch  1261440  5.0  1  0.0  1400000.0  tm_12  1.628838983919843  -1.0315498755882455e-10  
IntegratedShapeletGlitch  1261440  5.0  1  0.0  1420000.0  tm_23  97.31892091186157  1.1382652334221356e-10  
IntegratedShapeletGlitch  1261440  5.0  1  0.0  1440000.0  tm_23  46.90807336973524  1.1547130631788055e-10  
IntegratedShapeletGlitch  1261440  5.0  1  0.0  1460000.0  tm_32  22.801657882479144  1.1476642255929955e-10  
IntegratedShapeletGlitch  1261440  5.0  1  0.0  1480000.0  tm_32  4.289520294122829  -1.0180105882406509e-10  
IntegratedShapeletGlitch  1261440  5.0  1  0.0  1500000.0  tm_13  55.77287756478155  -9.686166549089375e-11  
IntegratedShapeletGlitch  1261440  5.0  1  0.0  1520000.0  tm_21  36.917180198197656  9.904752245371047e-11  
IntegratedShapeletGlitch  1261440  5.0  1  0.0  1540000.0  tm_13  85.54224427040441  -9.734716504908882e-11  
IntegratedShapeletGlitch  1261440  5.0  1  0.0  1560000.0  tm_31  7.980169662106283  8.770424175747014e-11  
IntegratedShapeletGlitch  1261440  5.0  1  0.0  1580000.0  tm_31  47.05073568449666  1.2487817160559048e-10  
IntegratedShapeletGlitch  1261440  5.0  1  0.0  1600000.0  tm_32  14.053431583259632  -1.2151986122250132e-10  
IntegratedShapeletGlitch  1261440  5.0  1  0.0  1620000.0  tm_12  119.85650989718837  -9.507389379372222e-11  
IntegratedShapeletGlitch  1261440  5.0  1  0.0  1640000.0  tm_32  7.107614991718917  -1.0225370420112998e-10  
IntegratedShapeletGlitch  1261440  5.0  1  0.0  1660000.0  tm_13  44.27035656989792  -1.0689334723921449e-10  
IntegratedShapeletGlitch  1261440  5.0  1  0.0  1680000.0  tm_13  2.853642839810978  -9.070610598852463e-11  
IntegratedShapeletGlitch  1261440  5.0  1  0.0  1700000.0  tm_32  23.039521241930437  1.0713808071472764e-10  
IntegratedShapeletGlitch  1261440  5.0  1  0.0  1720000.0  tm_32  38.103584588080665  -8.365601821013451e-11  
IntegratedShapeletGlitch  1261440  5.0  1  0.0  1740000.0  tm_23  44.26249100000237  1.0094543131587501e-10  
IntegratedShapeletGlitch  1261440  5.0  1  0.0  1760000.0  tm_31  29.42420018525263  1.0211084303214764e-10  
IntegratedShapeletGlitch  1261440  5.0  1  0.0  1780000.0  tm_12  24.478319578709414  9.470112210275241e-11  
IntegratedShapeletGlitch  1261440  5.0  1  0.0  1800000.0  tm_32  3.311958040986271  1.1410780465625268e-10  
IntegratedShapeletGlitch  1261440  5.0  1  0.0  1820000.0  tm_31  59.858480861513684  -9.519482492136012e-11  
IntegratedShapeletGlitch  1261440  5.0  1  0.0  1840000.0  tm_23  112.8664911372461  8.770856878708071e-11  
IntegratedShapeletGlitch  1261440  5.0  1  0.0  1860000.0  tm_12  25.531412414887768  -7.968958271841801e-11  
IntegratedShapeletGlitch  1261440  5.0  1  0.0  1880000.0  tm_12  49.53938894320589  1.0961020394917984e-10  
IntegratedShapeletGlitch  1261440  5.0  1  0.0  1900000.0  tm_32  189.8497073307686  -9.798442954110069e-11  
IntegratedShapeletGlitch  1261440  5.0  1  0.0  1920000.0  tm_23  95.56140489178458  7.80105866051599e-11  
IntegratedShapeletGlitch  1261440  5.0  1  0.0  1940000.0  tm_21  116.74200442947169  1.02286491149591e-10  
IntegratedShapeletGlitch  1261440  5.0  1  0.0  1960000.0  tm_32  0.9355678934933725  -1.2654553958828215e-10  
IntegratedShapeletGlitch  1261440  5.0  1  0.0  1980000.0  tm_32  3.527719429357956  1.0033480324702936e-10  
IntegratedShapeletGlitch  1261440  5.0  1  0.0  2000000.0  tm_31  27.593167003935765  9.215950983039465e-11  
IntegratedShapeletGlitch  1261440  5.0  1  0.0  2020000.0  tm_31  16.999774241448907  -1.063358651605414e-10  
IntegratedShapeletGlitch  1261440  5.0  1  0.0  2040000.0  tm_23  0.22674103809218635  8.98340929792694e-11  
IntegratedShapeletGlitch  1261440  5.0  1  0.0  2060000.0  tm_21  5.546153108867225  -1.0227418560700728e-10  
IntegratedShapeletGlitch  1261440  5.0  1  0.0  2080000.0  tm_21  44.377035352059245  8.863876231111096e-11  
IntegratedShapeletGlitch  1261440  5.0  1  0.0  2100000.0  tm_13  82.09371518847257  1.1522157548702637e-10  
IntegratedShapeletGlitch  1261440  5.0  1  0.0  2120000.0  tm_23  3.7022138793041544  9.013533756035223e-11  
IntegratedShapeletGlitch  1261440  5.0  1  0.0  2140000.0  tm_31  127.15824467836696  1.20461308055659e-10  
IntegratedShapeletGlitch  1261440  5.0  1  0.0  2160000.0  tm_13  20.675240962707633  -9.197978610036546e-11  
IntegratedShapeletGlitch  1261440  5.0  1  0.0  2180000.0  tm_32  0.6289373135874478  -9.91860310369557e-11  
IntegratedShapeletGlitch  1261440  5.0  1  0.0  2200000.0  tm_12  30.29942543024708  9.88600564685919e-11  
IntegratedShapeletGlitch  1261440  5.0  1  0.0  2220000.0  tm_31  81.80369922844677  9.836774141160406e-11  
IntegratedShapeletGlitch  1261440  5.0  1  0.0  2240000.0  tm_31  35.24701250790799  -1.0099253538295688e-10  
IntegratedShapeletGlitch  1261440  5.0  1  0.0  2260000.0  tm_32  156.88688907925282  1.0563929942043158e-10  
IntegratedShapeletGlitch  1261440  5.0  1  0.0  2280000.0  tm_31  64.07101339770142  -8.926518894548628e-11  
IntegratedShapeletGlitch  1261440  5.0  1  0.0  2300000.0  tm_13  86.70527141086195  9.34590969312491e-11  
IntegratedShapeletGlitch  1261440  5.0  1  0.0  2320000.0  tm_13  38.177758234496494  1.2992591693768804e-10  
IntegratedShapeletGlitch  1261440  5.0  1  0.0  2340000.0  tm_12  71.35399645007539  8.58806947685885e-11  
IntegratedShapeletGlitch  1261440  5.0  1  0.0  2360000.0  tm_13  1.0477338739230166  9.395284521574241e-11  
IntegratedShapeletGlitch  1261440  5.0  1  0.0  2380000.0  tm_21  49.00845029333545  -1.039107346524974e-10  
IntegratedShapeletGlitch  1261440  5.0  1  0.0  2400000.0  tm_12  23.61175232834311  1.1509193098922881e-10  
IntegratedShapeletGlitch  1261440  5.0  1  0.0  2420000.0  tm_12  5.82532375395884  9.501304488863537e-11  
IntegratedShapeletGlitch  1261440  5.0  1  0.0  2440000.0  tm_31  12.44949957062941  -1.0480822088518344e-10  
IntegratedShapeletGlitch  1261440  5.0  1  0.0  2460000.0  tm_32  52.995247878801266  -1.0768198158117164e-10  
IntegratedShapeletGlitch  1261440  5.0  1  0.0  2480000.0  tm_31  29.811116239719908  1.1037858099572507e-10  
IntegratedShapeletGlitch  1261440  5.0  1  0.0  2500000.0  tm_23  7.97757516283597  -8.682306757841076e-11  
IntegratedShapeletGlitch  1261440  5.0  1  0.0  2520000.0  tm_21  14.393354180182701  9.424585356802467e-11  
IntegratedShapeletGlitch  1261440  5.0  1  0.0  2540000.0  tm_31  2.568467688625741  8.262312090447229e-11  
IntegratedShapeletGlitch  1261440  5.0  1  0.0  2560000.0  tm_23  6.88417758741338  -8.731853682629343e-11  
IntegratedShapeletGlitch  1261440  5.0  1  0.0  2580000.0  tm_12  209.94234005543763  -1.1534696926181283e-10  
IntegratedShapeletGlitch  1261440  5.0  1  0.0  2600000.0  tm_31  87.51038484790632  9.520417563844857e-11  
IntegratedShapeletGlitch  1261440  5.0  1  0.0  2620000.0  tm_23  1.67742422236732  -9.259579511389595e-11  
IntegratedShapeletGlitch  1261440  5.0  1  0.0  2640000.0  tm_23  93.48541980110897  -8.739441330429902e-11  
IntegratedShapeletGlitch  1261440  5.0  1  0.0  2660000.0  tm_21  19.89745192886318  9.373572441398104e-11  
IntegratedShapeletGlitch  1261440  5.0  1  0.0  2680000.0  tm_21  94.93971740930365  -9.531916102001626e-11  
IntegratedShapeletGlitch  1261440  5.0  1  0.0  2700000.0  tm_13  23.290213529782093  -9.555364274833044e-11  
IntegratedShapeletGlitch  1261440  5.0  1  0.0  2720000.0  tm_23  25.441839481389383  1.0163768677851205e-10  
IntegratedShapeletGlitch  1261440  5.0  1  0.0  2740000.0  tm_21  1.5344851406331845  9.691331933790216e-11  
IntegratedShapeletGlitch  1261440  5.0  1  0.0  2760000.0  tm_32  52.11991339118455  -7.426293703209087e-11  
IntegratedShapeletGlitch  1261440  5.0  1  0.0  2780000.0  tm_12  103.92405266442518  1.1085121319842553e-10  
IntegratedShapeletGlitch  1261440  5.0  1  0.0  2800000.0  tm_21  74.82258784868013  -9.724545303098078e-11  
IntegratedShapeletGlitch  1261440  5.0  1  0.0  2820000.0  tm_21  183.99189974327632  -9.425750814920153e-11  
IntegratedShapeletGlitch  1261440  5.0  1  0.0  2840000.0  tm_12  97.51235929307647  -1.0153483883729008e-10  
IntegratedShapeletGlitch  1261440  5.0  1  0.0  2860000.0  tm_31  24.8238939673403  7.994040460607487e-11  
IntegratedShapeletGlitch  1261440  5.0  1  0.0  2880000.0  tm_23  61.745701273090084  1.191168316876636e-10  
IntegratedShapeletGlitch  1261440  5.0  1  0.0  2900000.0  tm_21  50.311350411521325  -1.0927854744927867e-10  
IntegratedShapeletGlitch  1261440  5.0  1  0.0  2920000.0  tm_31  31.55819942194778  9.54537713193438e-11  
IntegratedShapeletGlitch  1261440  5.0  1  0.0  2940000.0  tm_13  49.45028659431363  -1.003594718016697e-10  
IntegratedShapeletGlitch  1261440  5.0  1  0.0  2960000.0  tm_12  41.42768101999724  -1.0001122654550705e-10  
IntegratedShapeletGlitch  1261440  5.0  1  0.0  2980000.0  tm_32  27.15602098354092  -9.448202533751783e-11  
IntegratedShapeletGlitch  1261440  5.0  1  0.0  3000000.0  tm_13  1.6487283792540213  9.23323340814039e-11  
IntegratedShapeletGlitch  1261440  5.0  1  0.0  3020000.0  tm_13  1.849008288403603  9.289871088630146e-11  
IntegratedShapeletGlitch  1261440  5.0  1  0.0  3040000.0  tm_32  18.74708511978759  -8.844129304094258e-11  
IntegratedShapeletGlitch  1261440  5.0  1  0.0  3060000.0  tm_12  39.18770453520374  -1.0175919103928617e-10  
IntegratedShapeletGlitch  1261440  5.0  1  0.0  3080000.0  tm_21  86.2189076943431  1.0854548343438813e-10  
IntegratedShapeletGlitch  1261440  5.0  1  0.0  3100000.0  tm_23  22.121710191999338  -1.1163470487944494e-10  
IntegratedShapeletGlitch  1261440  5.0  1  0.0  3120000.0  tm_12  33.48602278215273  -1.023571134560471e-10  
IntegratedShapeletGlitch  1261440  5.0  1  0.0  3140000.0  tm_13  49.94570819782369  -1.0028809740428921e-10  
IntegratedShapeletGlitch  1261440  5.0  1  0.0  3160000.0  tm_23  85.42980194435914  -9.313503493375109e-11  
IntegratedShapeletGlitch  1261440  5.0  1  0.0  3180000.0  tm_32  28.837222681052623  -1.1309093545067525e-10  
IntegratedShapeletGlitch  1261440  5.0  1  0.0  3200000.0  tm_23  16.771151295151164  8.355832840161799e-11  
IntegratedShapeletGlitch  1261440  5.0  1  0.0  3220000.0  tm_32  39.69661505677275  1.204285969139829e-10  
IntegratedShapeletGlitch  1261440  5.0  1  0.0  3240000.0  tm_32  55.80143925212319  -9.668377545073467e-11  
IntegratedShapeletGlitch  1261440  5.0  1  0.0  3260000.0  tm_23  5.082505242622651  -1.0489306547474862e-10  
IntegratedShapeletGlitch  1261440  5.0  1  0.0  3280000.0  tm_13  10.476365106342168  1.134239753107345e-10  
IntegratedShapeletGlitch  1261440  5.0  1  0.0  3300000.0  tm_21  140.70257850660911  -9.661356734934068e-11  
IntegratedShapeletGlitch  1261440  5.0  1  0.0  3320000.0  tm_31  27.326297726132204  1.0963176385994576e-10  
IntegratedShapeletGlitch  1261440  5.0  1  0.0  3340000.0  tm_23  132.53727193746874  9.491664189555968e-11  
IntegratedShapeletGlitch  1261440  5.0  1  0.0  3360000.0  tm_12  15.6976684512944  -1.1110190871348704e-10  
IntegratedShapeletGlitch  1261440  5.0  1  0.0  3380000.0  tm_13  92.34215841559323  -9.338199463044792e-11  
IntegratedShapeletGlitch  1261440  5.0  1  0.0  3400000.0  tm_12  43.47279336713546  -8.584803032208752e-11  
IntegratedShapeletGlitch  1261440  5.0  1  0.0  3420000.0  tm_21  207.43614885341182  -8.5364603948488e-11  
IntegratedShapeletGlitch  1261440  5.0  1  0.0  3440000.0  tm_21  17.030800598272585  -1.0948805642044083e-10  
IntegratedShapeletGlitch  1261440  5.0  1  0.0  3460000.0  tm_13  2.6051032258511695  9.179343406800727e-11  
IntegratedShapeletGlitch  1261440  5.0  1  0.0  3480000.0  tm_12  19.959228601590265  -9.983232985378641e-11  
IntegratedShapeletGlitch  1261440  5.0  1  0.0  3500000.0  tm_13  29.746432110325415  1.1144541782340158e-10  
IntegratedShapeletGlitch  1261440  5.0  1  0.0  3520000.0  tm_12  84.14941716685492  9.304211655316139e-11  
IntegratedShapeletGlitch  1261440  5.0  1  0.0  3540000.0  tm_31  5.553758923603861  -1.0433485751239851e-10  
IntegratedShapeletGlitch  1261440  5.0  1  0.0  3560000.0  tm_12  28.27571989102418  -9.85372345512015e-11  
IntegratedShapeletGlitch  1261440  5.0  1  0.0  3580000.0  tm_21  9.63900026081639  -8.946542091767408e-11  
IntegratedShapeletGlitch  1261440  5.0  1  0.0  3600000.0  tm_12  9.819220381933471  -8.455758245431236e-11  
IntegratedShapeletGlitch  1261440  5.0  1  0.0  3620000.0  tm_31  14.162516029131675  -8.498636844413561e-11  
IntegratedShapeletGlitch  1261440  5.0  1  0.0  3640000.0  tm_12  59.38085600195099  -8.639810356402267e-11  
IntegratedShapeletGlitch  1261440  5.0  1  0.0  3660000.0  tm_23  58.968073283079214  1.0362915651508644e-10  
IntegratedShapeletGlitch  1261440  5.0  1  0.0  3680000.0  tm_23  72.91803544477759  -1.0466546249726675e-10  
IntegratedShapeletGlitch  1261440  5.0  1  0.0  3700000.0  tm_12  19.242681143706744  -1.0534240682720401e-10  
IntegratedShapeletGlitch  1261440  5.0  1  0.0  3720000.0  tm_12  34.16523999876775  -1.019845657712511e-10  
IntegratedShapeletGlitch  1261440  5.0  1  0.0  3740000.0  tm_13  19.83226835406864  -9.750467596830739e-11  
IntegratedShapeletGlitch  1261440  5.0  1  0.0  3760000.0  tm_32  28.90288202589112  1.086707306529361e-10  
IntegratedShapeletGlitch  1261440  5.0  1  0.0  3780000.0  tm_31  21.933924277850274  -7.887523055767774e-11  
IntegratedShapeletGlitch  1261440  5.0  1  0.0  3800000.0  tm_12  145.52987940282156  -1.0607094231593998e-10  
IntegratedShapeletGlitch  1261440  5.0  1  0.0  3820000.0  tm_32  39.813890874544654  9.80651366973753e-11  
IntegratedShapeletGlitch  1261440  5.0  1  0.0  3840000.0  tm_12  11.704419496726915  9.589367101958106e-11  
IntegratedShapeletGlitch  1261440  5.0  1  0.0  3860000.0  tm_12  48.30340501748466  -1.1767959444369954e-10  
IntegratedShapeletGlitch  1261440  5.0  1  0.0  3880000.0  tm_13  62.81188120204414  -1.0879284721064005e-10  
IntegratedShapeletGlitch  1261440  5.0  1  0.0  3900000.0  tm_32  98.1252316250796  -9.571991748169619e-11  
IntegratedShapeletGlitch  1261440  5.0  1  0.0  3920000.0  tm_31  29.080021452479983  -8.437155028575589e-11  
IntegratedShapeletGlitch  1261440  5.0  1  0.0  3940000.0  tm_13  34.77466259379424  -1.0682466680596713e-10  
IntegratedShapeletGlitch  1261440  5.0  1  0.0  3960000.0  tm_12  152.4210126080912  -9.115103996560726e-11  
IntegratedShapeletGlitch  1261440  5.0  1  0.0  3980000.0  tm_12  20.857421896999565  1.0677185380439436e-10  
IntegratedShapeletGlitch  1261440  5.0  1  0.0  4000000.0  tm_31  7.894945151484653  1.0235376945388474e-10  
IntegratedShapeletGlitch  1261440  5.0  1  0.0  4020000.0  tm_12  49.96660150767744  -8.585604597695783e-11  
IntegratedShapeletGlitch  1261440  5.0  1  0.0  4040000.0  tm_21  305.5801746869685  1.091434732228582e-10  
IntegratedShapeletGlitch  1261440  5.0  1  0.0  4060000.0  tm_32  33.49251559225973  -9.038772441662277e-11  
IntegratedShapeletGlitch  1261440  5.0  1  0.0  4080000.0  tm_21  17.5739985344486  -9.24641315528617e-11  
IntegratedShapeletGlitch  1261440  5.0  1  0.0  4100000.0  tm_32  86.11064090455775  1.0524583409504737e-10  
IntegratedShapeletGlitch  1261440  5.0  1  0.0  4120000.0  tm_23  25.817941355952158  -9.988886513690511e-11  
IntegratedShapeletGlitch  1261440  5.0  1  0.0  4140000.0  tm_23  22.59340468741534  -1.0206347057216258e-10  
IntegratedShapeletGlitch  1261440  5.0  1  0.0  4160000.0  tm_23  33.80322960814765  -9.74174240900017e-11  
IntegratedShapeletGlitch  1261440  5.0  1  0.0  4180000.0  tm_23  40.350858557677  9.98404679152289e-11  
IntegratedShapeletGlitch  1261440  5.0  1  0.0  4200000.0  tm_23  0.5648025185990422  1.1019716015235423e-10  
IntegratedShapeletGlitch  1261440  5.0  1  0.0  4220000.0  tm_13  108.0372475934878  9.980118541605055e-11  
IntegratedShapeletGlitch  1261440  5.0  1  0.0  4240000.0  tm_23  47.48158187294456  -9.918388986821317e-11  
IntegratedShapeletGlitch  1261440  5.0  1  0.0  4260000.0  tm_21  40.35515560589044  -1.0331335475271463e-10  
IntegratedShapeletGlitch  1261440  5.0  1  0.0  4280000.0  tm_23  5.875237966851037  9.85886161977335e-11  
IntegratedShapeletGlitch  1261440  5.0  1  0.0  4300000.0  tm_23  4.4521967947552765  -1.0557125638518258e-10  
IntegratedShapeletGlitch  1261440  5.0  1  0.0  4320000.0  tm_31  231.22432906020913  9.688636131683232e-11  
IntegratedShapeletGlitch  1261440  5.0  1  0.0  4340000.0  tm_23  63.44053396636298  -1.1312340456638969e-10  
IntegratedShapeletGlitch  1261440  5.0  1  0.0  4360000.0  tm_21  42.263189772583445  9.978058981255305e-11  
IntegratedShapeletGlitch  1261440  5.0  1  0.0  4380000.0  tm_23  157.08002057038792  9.815277690492334e-11  
IntegratedShapeletGlitch  1261440  5.0  1  0.0  4400000.0  tm_31  27.262148936672187  -1.0902353628438541e-10  
IntegratedShapeletGlitch  1261440  5.0  1  0.0  4420000.0  tm_21  14.064844627384401  -1.0306826250054153e-10  
IntegratedShapeletGlitch  1261440  5.0  1  0.0  4440000.0  tm_21  79.2903966007312  -9.911205395194495e-11  
IntegratedShapeletGlitch  1261440  5.0  1  0.0  4460000.0  tm_32  64.85526876563877  -1.0894312608915639e-10  
IntegratedShapeletGlitch  1261440  5.0  1  0.0  4480000.0  tm_13  39.534540839657296  -9.935476054796933e-11  
IntegratedShapeletGlitch  1261440  5.0  1  0.0  4500000.0  tm_31  128.50942089786042  1.0133199859626957e-10  
IntegratedShapeletGlitch  1261440  5.0  1  0.0  4520000.0  tm_32  41.18138042439569  -9.740290174477048e-11  
IntegratedShapeletGlitch  1261440  5.0  1  0.0  4540000.0  tm_12  21.797239164606847  9.313521913212186e-11  
IntegratedShapeletGlitch  1261440  5.0  1  0.0  4560000.0  tm_32  11.362556432879668  -1.0971908484959445e-10  
IntegratedShapeletGlitch  1261440  5.0  1  0.0  4580000.0  tm_21  10.979019669540643  9.998799795137356e-11  
IntegratedShapeletGlitch  1261440  5.0  1  0.0  4600000.0  tm_23  0.8615643477077871  1.214484924750972e-10  
IntegratedShapeletGlitch  1261440  5.0  1  0.0  4620000.0  tm_23  7.3631189641351  -1.0587479782932327e-10  
IntegratedShapeletGlitch  1261440  5.0  1  0.0  4640000.0  tm_31  36.81594604934939  9.323293953235797e-11  
IntegratedShapeletGlitch  1261440  5.0  1  0.0  4660000.0  tm_23  22.355935247266814  9.491445151705617e-11  
IntegratedShapeletGlitch  1261440  5.0  1  0.0  4680000.0  tm_23  112.59527852969968  1.0735077132099975e-10  
IntegratedShapeletGlitch  1261440  5.0  1  0.0  4700000.0  tm_13  98.49585591128289  -8.252415979297692e-11  
IntegratedShapeletGlitch  1261440  5.0  1  0.0  4720000.0  tm_32  163.04718142997012  1.0493584054631984e-10  
IntegratedShapeletGlitch  1261440  5.0  1  0.0  4740000.0  tm_23  1.7342503230772945  9.700616985407242e-11  
IntegratedShapeletGlitch  1261440  5.0  1  0.0  4760000.0  tm_23  8.377935860627488  1.0646009360655901e-10  
IntegratedShapeletGlitch  1261440  5.0  1  0.0  4780000.0  tm_31  61.470751682610334  -8.73628182617765e-11  
IntegratedShapeletGlitch  1261440  5.0  1  0.0  4800000.0  tm_32  47.955633073926265  -1.0260273411644908e-10  
IntegratedShapeletGlitch  1261440  5.0  1  0.0  4820000.0  tm_21  1.4437300600872565  -1.012865247116851e-10  
IntegratedShapeletGlitch  1261440  5.0  1  0.0  4840000.0  tm_13  7.385268861666377  9.985498085300196e-11  
IntegratedShapeletGlitch  1261440  5.0  1  0.0  4860000.0  tm_23  13.9451270071722  9.998626520243738e-11  
IntegratedShapeletGlitch  1261440  5.0  1  0.0  4880000.0  tm_12  56.509393055868905  9.334135321744922e-11  
IntegratedShapeletGlitch  1261440  5.0  1  0.0  4900000.0  tm_21  21.82995774756156  -8.199742010075573e-11  
IntegratedShapeletGlitch  1261440  5.0  1  0.0  4920000.0  tm_12  2.10207654112539  -8.837025082193847e-11  
IntegratedShapeletGlitch  1261440  5.0  1  0.0  4940000.0  tm_13  45.204885737136756  -9.695552905892067e-11  
IntegratedShapeletGlitch  1261440  5.0  1  0.0  4960000.0  tm_12  13.018633474526863  9.48952092960089e-11  
IntegratedShapeletGlitch  1261440  5.0  1  0.0  4980000.0  tm_31  175.33708572820242  -1.1294666130132219e-10  
IntegratedShapeletGlitch  1261440  5.0  1  0.0  5000000.0  tm_32  67.5898497262483  8.151772873607901e-11  
IntegratedShapeletGlitch  1261440  5.0  1  0.0  5020000.0  tm_12  21.13819390610633  1.1502404325719887e-10  
IntegratedShapeletGlitch  1261440  5.0  1  0.0  5040000.0  tm_13  3.9481971963017957  -9.558506701930979e-11  
IntegratedShapeletGlitch  1261440  5.0  1  0.0  5060000.0  tm_21  71.6829264312769  -1.0464351510823691e-10  
IntegratedShapeletGlitch  1261440  5.0  1  0.0  5080000.0  tm_31  15.348591762008674  -8.932337986076134e-11  
IntegratedShapeletGlitch  1261440  5.0  1  0.0  5100000.0  tm_23  15.141268536177732  -9.154033485941978e-11  
IntegratedShapeletGlitch  1261440  5.0  1  0.0  5120000.0  tm_32  26.128100645474156  -9.794030378953398e-11  
IntegratedShapeletGlitch  1261440  5.0  1  0.0  5140000.0  tm_31  36.58422644472844  -9.95682229480378e-11  
IntegratedShapeletGlitch  1261440  5.0  1  0.0  5160000.0  tm_32  49.42741857536351  1.1042149978613652e-10  
IntegratedShapeletGlitch  1261440  5.0  1  0.0  5180000.0  tm_23  21.717690647151105  1.0097116620903304e-10  
IntegratedShapeletGlitch  1261440  5.0  1  0.0  5200000.0  tm_23  36.66108535468246  1.0294576484504413e-10  
IntegratedShapeletGlitch  1261440  5.0  1  0.0  5220000.0  tm_12  24.22625607542848  -1.097840874492565e-10  
IntegratedShapeletGlitch  1261440  5.0  1  0.0  5240000.0  tm_32  85.01948241084997  9.254075416974918e-11  
IntegratedShapeletGlitch  1261440  5.0  1  0.0  5260000.0  tm_13  66.78025578331737  -1.0434411296268519e-10  
IntegratedShapeletGlitch  1261440  5.0  1  0.0  5280000.0  tm_13  158.31151820858454  -1.0370238555511503e-10  
IntegratedShapeletGlitch  1261440  5.0  1  0.0  5300000.0  tm_21  11.751206884347773  9.274830408187164e-11  
IntegratedShapeletGlitch  1261440  5.0  1  0.0  5320000.0  tm_13  85.20720609814599  -1.0174869454408497e-10  
IntegratedShapeletGlitch  1261440  5.0  1  0.0  5340000.0  tm_31  49.61032781455509  -1.1514242764712641e-10  
IntegratedShapeletGlitch  1261440  5.0  1  0.0  5360000.0  tm_31  18.280191953198276  -9.546531504669071e-11  
IntegratedShapeletGlitch  1261440  5.0  1  0.0  5380000.0  tm_31  52.107585166217916  1.0715864793846595e-10  
IntegratedShapeletGlitch  1261440  5.0  1  0.0  5400000.0  tm_31  23.26439081590121  -1.0711198408017895e-10  
IntegratedShapeletGlitch  1261440  5.0  1  0.0  5420000.0  tm_12  44.866455032536585  1.0440140112586087e-10  
IntegratedShapeletGlitch  1261440  5.0  1  0.0  5440000.0  tm_21  112.48744722271921  -1.0686637319302447e-10  
IntegratedShapeletGlitch  1261440  5.0  1  0.0  5460000.0  tm_23  16.373630239324154  9.77681266727194e-11  
IntegratedShapeletGlitch  1261440  5.0  1  0.0  5480000.0  tm_23  44.29526216245278  9.246104894976345e-11  
IntegratedShapeletGlitch  1261440  5.0  1  0.0  5500000.0  tm_13  21.26424460520539  9.67071675524197e-11  
IntegratedShapeletGlitch  1261440  5.0  1  0.0  5520000.0  tm_31  9.715696367104695  -1.072999781059592e-10  
IntegratedShapeletGlitch  1261440  5.0  1  0.0  5540000.0  tm_31  0.9177022817913781  -8.639478648783652e-11  
IntegratedShapeletGlitch  1261440  5.0  1  0.0  5560000.0  tm_12  6.313933091533172  1.181078601859893e-10  
IntegratedShapeletGlitch  1261440  5.0  1  0.0  5580000.0  tm_12  27.432396503075303  8.966292593303169e-11  
IntegratedShapeletGlitch  1261440  5.0  1  0.0  5600000.0  tm_32  59.94905309657801  -1.1135119470484291e-10  
IntegratedShapeletGlitch  1261440  5.0  1  0.0  5620000.0  tm_31  38.23106592464047  9.434387018101145e-11  
IntegratedShapeletGlitch  1261440  5.0  1  0.0  5640000.0  tm_23  32.05855619842792  -1.0155411980622921e-10  
IntegratedShapeletGlitch  1261440  5.0  1  0.0  5660000.0  tm_21  22.366134732201566  9.614640642558138e-11  
IntegratedShapeletGlitch  1261440  5.0  1  0.0  5680000.0  tm_12  117.42017600590802  -8.914543497197305e-11  
IntegratedShapeletGlitch  1261440  5.0  1  0.0  5700000.0  tm_23  34.4123356929495  -1.0537753096864348e-10  
IntegratedShapeletGlitch  1261440  5.0  1  0.0  5720000.0  tm_21  242.5207327115931  -9.178799838812914e-11  
IntegratedShapeletGlitch  1261440  5.0  1  0.0  5740000.0  tm_23  6.215839289291771  1.0275708254649702e-10  
IntegratedShapeletGlitch  1261440  5.0  1  0.0  5760000.0  tm_13  88.50432933744561  -1.1061037168402609e-10  
IntegratedShapeletGlitch  1261440  5.0  1  0.0  5780000.0  tm_21  32.431883370494  -8.593579680132455e-11  
IntegratedShapeletGlitch  1261440  5.0  1  0.0  5800000.0  tm_32  5.476706074628317  -9.492609371670478e-11  
IntegratedShapeletGlitch  1261440  5.0  1  0.0  5820000.0  tm_31  56.76444804940943  1.0671787648408221e-10  
IntegratedShapeletGlitch  1261440  5.0  1  0.0  5840000.0  tm_31  20.479625915971685  -1.0846013603323377e-10  
IntegratedShapeletGlitch  1261440  5.0  1  0.0  5860000.0  tm_31  8.938674073875385  1.0391244845405469e-10  
IntegratedShapeletGlitch  1261440  5.0  1  0.0  5880000.0  tm_32  1.3542193334767005  8.972606225211607e-11  
IntegratedShapeletGlitch  1261440  5.0  1  0.0  5900000.0  tm_32  19.532945181462196  -1.1114515553247356e-10  
IntegratedShapeletGlitch  1261440  5.0  1  0.0  5920000.0  tm_23  7.813868325935235  9.694564336774121e-11  
IntegratedShapeletGlitch  1261440  5.0  1  0.0  5940000.0  tm_32  210.40185767140494  -9.866807651965037e-11  
IntegratedShapeletGlitch  1261440  5.0  1  0.0  5960000.0  tm_13  89.71406754709496  -1.0364101134705381e-10  
IntegratedShapeletGlitch  1261440  5.0  1  0.0  5980000.0  tm_21  86.71692286287077  9.849295007916825e-11  
IntegratedShapeletGlitch  1261440  5.0  1  0.0  6000000.0  tm_21  163.51806520103423  8.888297115607939e-11  
IntegratedShapeletGlitch  1261440  5.0  1  0.0  6020000.0  tm_12  4.493285256096551  1.0444447739768935e-10  
IntegratedShapeletGlitch  1261440  5.0  1  0.0  6040000.0  tm_13  68.51274576352444  -9.759949867861927e-11  
IntegratedShapeletGlitch  1261440  5.0  1  0.0  6060000.0  tm_32  63.53656678162301  1.0216055250964076e-10  
IntegratedShapeletGlitch  1261440  5.0  1  0.0  6080000.0  tm_21  31.103576857715236  1.0724462423571975e-10  
IntegratedShapeletGlitch  1261440  5.0  1  0.0  6100000.0  tm_23  56.26781183682612  -9.445807657263287e-11  
IntegratedShapeletGlitch  1261440  5.0  1  0.0  6120000.0  tm_12  76.15726342464112  8.356087675732424e-11  
IntegratedShapeletGlitch  1261440  5.0  1  0.0  6140000.0  tm_12  26.897840015174822  -8.376180923309947e-11  
IntegratedShapeletGlitch  1261440  5.0  1  0.0  6160000.0  tm_12  22.545967402031035  -1.132095221364596e-10  
IntegratedShapeletGlitch  1261440  5.0  1  0.0  6180000.0  tm_31  117.01384339672707  9.283990440960659e-11  
IntegratedShapeletGlitch  1261440  5.0  1  0.0  6200000.0  tm_12  5.634273883007459  1.0145063488519717e-10  
IntegratedShapeletGlitch  1261440  5.0  1  0.0  6220000.0  tm_31  68.40301610699238  1.0277207582075776e-10  
IntegratedShapeletGlitch  1261440  5.0  1  0.0  6240000.0  tm_32  151.83644325435984  -8.475407220546297e-11  
IntegratedShapeletGlitch  1261440  5.0  1  0.0  6260000.0  tm_23  126.81311415341267  -1.1916378733002687e-10  
IntegratedShapeletGlitch  1261440  5.0  1  0.0  6280000.0  tm_12  16.3782941482213  -9.045633027397868e-11  
IntegratedShapeletGlitch  1261440  5.0  1  0.0  6300000.0  tm_32  62.682063121907426  -9.87182398010294e-11  
